(kicad_pcb (version 20171130) (host pcbnew "(5.1.10)-1")

  (general
    (thickness 1.6)
    (drawings 6)
    (tracks 246)
    (zones 0)
    (modules 54)
    (nets 44)
  )

  (page A4)
  (layers
    (0 F.Cu signal)
    (31 B.Cu signal)
    (32 B.Adhes user)
    (33 F.Adhes user)
    (34 B.Paste user)
    (35 F.Paste user)
    (36 B.SilkS user)
    (37 F.SilkS user)
    (38 B.Mask user)
    (39 F.Mask user)
    (40 Dwgs.User user)
    (41 Cmts.User user)
    (42 Eco1.User user)
    (43 Eco2.User user)
    (44 Edge.Cuts user)
    (45 Margin user)
    (46 B.CrtYd user)
    (47 F.CrtYd user)
    (48 B.Fab user)
    (49 F.Fab user)
  )

  (setup
    (last_trace_width 0.25)
    (user_trace_width 0.35)
    (user_trace_width 0.5)
    (user_trace_width 0.7)
    (user_trace_width 1)
    (trace_clearance 0.2)
    (zone_clearance 0.508)
    (zone_45_only no)
    (trace_min 0.2)
    (via_size 0.8)
    (via_drill 0.4)
    (via_min_size 0.4)
    (via_min_drill 0.3)
    (uvia_size 0.3)
    (uvia_drill 0.1)
    (uvias_allowed no)
    (uvia_min_size 0.2)
    (uvia_min_drill 0.1)
    (edge_width 0.1)
    (segment_width 0.2)
    (pcb_text_width 0.3)
    (pcb_text_size 1.5 1.5)
    (mod_edge_width 0.15)
    (mod_text_size 1 1)
    (mod_text_width 0.15)
    (pad_size 1.524 1.524)
    (pad_drill 0.762)
    (pad_to_mask_clearance 0)
    (aux_axis_origin 0 0)
    (visible_elements 7FFFFFFF)
    (pcbplotparams
      (layerselection 0x010fc_ffffffff)
      (usegerberextensions false)
      (usegerberattributes true)
      (usegerberadvancedattributes true)
      (creategerberjobfile true)
      (excludeedgelayer true)
      (linewidth 0.100000)
      (plotframeref false)
      (viasonmask false)
      (mode 1)
      (useauxorigin false)
      (hpglpennumber 1)
      (hpglpenspeed 20)
      (hpglpendiameter 15.000000)
      (psnegative false)
      (psa4output false)
      (plotreference true)
      (plotvalue true)
      (plotinvisibletext false)
      (padsonsilk false)
      (subtractmaskfromsilk false)
      (outputformat 1)
      (mirror false)
      (drillshape 1)
      (scaleselection 1)
      (outputdirectory ""))
  )

  (net 0 "")
  (net 1 "Net-(C1-Pad2)")
  (net 2 "Net-(C1-Pad1)")
  (net 3 GNDA)
  (net 4 +12VA)
  (net 5 "Net-(C11-Pad1)")
  (net 6 -12VA)
  (net 7 "Net-(C13-Pad2)")
  (net 8 "Net-(C14-Pad1)")
  (net 9 "Net-(C14-Pad2)")
  (net 10 "Net-(C20-Pad1)")
  (net 11 "Net-(D1-Pad1)")
  (net 12 "Net-(D1-Pad2)")
  (net 13 "Net-(D3-Pad8)")
  (net 14 "Net-(D4-Pad4)")
  (net 15 "Net-(L1-Pad1)")
  (net 16 "Net-(L2-Pad1)")
  (net 17 "Net-(L3-Pad1)")
  (net 18 "Net-(L3-Pad2)")
  (net 19 "Net-(L5-Pad4)")
  (net 20 "Net-(L6-Pad4)")
  (net 21 "Net-(P1-Pad1)")
  (net 22 "Net-(P1-Pad3)")
  (net 23 "Net-(Q1-Pad1)")
  (net 24 "Net-(Q2-Pad1)")
  (net 25 "Net-(R2-Pad2)")
  (net 26 "Net-(R4-Pad2)")
  (net 27 "Net-(R5-Pad1)")
  (net 28 "Net-(R9-Pad1)")
  (net 29 "Net-(R9-Pad2)")
  (net 30 "Net-(R10-Pad2)")
  (net 31 "Net-(R10-Pad1)")
  (net 32 "Net-(R11-Pad2)")
  (net 33 "Net-(SW1-Pad3)")
  (net 34 "Net-(SW1-Pad6)")
  (net 35 "Net-(U1-Pad1)")
  (net 36 "Net-(U1-Pad4)")
  (net 37 "Net-(U1-Pad7)")
  (net 38 "Net-(U1-Pad8)")
  (net 39 "Net-(U1-Pad9)")
  (net 40 "Net-(U1-Pad10)")
  (net 41 "Net-(U1-Pad14)")
  (net 42 "Net-(U1-Pad15)")
  (net 43 "Net-(U1-Pad16)")

  (net_class Default "This is the default net class."
    (clearance 0.2)
    (trace_width 0.25)
    (via_dia 0.8)
    (via_drill 0.4)
    (uvia_dia 0.3)
    (uvia_drill 0.1)
    (add_net +12VA)
    (add_net -12VA)
    (add_net GNDA)
    (add_net "Net-(C1-Pad1)")
    (add_net "Net-(C1-Pad2)")
    (add_net "Net-(C11-Pad1)")
    (add_net "Net-(C13-Pad2)")
    (add_net "Net-(C14-Pad1)")
    (add_net "Net-(C14-Pad2)")
    (add_net "Net-(C20-Pad1)")
    (add_net "Net-(D1-Pad1)")
    (add_net "Net-(D1-Pad2)")
    (add_net "Net-(D3-Pad8)")
    (add_net "Net-(D4-Pad4)")
    (add_net "Net-(L1-Pad1)")
    (add_net "Net-(L2-Pad1)")
    (add_net "Net-(L3-Pad1)")
    (add_net "Net-(L3-Pad2)")
    (add_net "Net-(L5-Pad4)")
    (add_net "Net-(L6-Pad4)")
    (add_net "Net-(P1-Pad1)")
    (add_net "Net-(P1-Pad3)")
    (add_net "Net-(Q1-Pad1)")
    (add_net "Net-(Q2-Pad1)")
    (add_net "Net-(R10-Pad1)")
    (add_net "Net-(R10-Pad2)")
    (add_net "Net-(R11-Pad2)")
    (add_net "Net-(R2-Pad2)")
    (add_net "Net-(R4-Pad2)")
    (add_net "Net-(R5-Pad1)")
    (add_net "Net-(R9-Pad1)")
    (add_net "Net-(R9-Pad2)")
    (add_net "Net-(SW1-Pad3)")
    (add_net "Net-(SW1-Pad6)")
    (add_net "Net-(U1-Pad1)")
    (add_net "Net-(U1-Pad10)")
    (add_net "Net-(U1-Pad14)")
    (add_net "Net-(U1-Pad15)")
    (add_net "Net-(U1-Pad16)")
    (add_net "Net-(U1-Pad4)")
    (add_net "Net-(U1-Pad7)")
    (add_net "Net-(U1-Pad8)")
    (add_net "Net-(U1-Pad9)")
  )

  (module Capacitor_SMD:C_0805_2012Metric (layer F.Cu) (tedit 5F68FEEE) (tstamp 616057D1)
    (at 126.5 131.7 270)
    (descr "Capacitor SMD 0805 (2012 Metric), square (rectangular) end terminal, IPC_7351 nominal, (Body size source: IPC-SM-782 page 76, https://www.pcb-3d.com/wordpress/wp-content/uploads/ipc-sm-782a_amendment_1_and_2.pdf, https://docs.google.com/spreadsheets/d/1BsfQQcO9C6DZCsRaXUlFlo91Tg2WpOkGARC1WS5S8t0/edit?usp=sharing), generated with kicad-footprint-generator")
    (tags capacitor)
    (path /6125BDA0)
    (attr smd)
    (fp_text reference C11 (at 0 -1.68 90) (layer F.SilkS)
      (effects (font (size 1 1) (thickness 0.15)))
    )
    (fp_text value 100nF (at 0 1.68 90) (layer F.Fab)
      (effects (font (size 1 1) (thickness 0.15)))
    )
    (fp_line (start -1 0.625) (end -1 -0.625) (layer F.Fab) (width 0.1))
    (fp_line (start -1 -0.625) (end 1 -0.625) (layer F.Fab) (width 0.1))
    (fp_line (start 1 -0.625) (end 1 0.625) (layer F.Fab) (width 0.1))
    (fp_line (start 1 0.625) (end -1 0.625) (layer F.Fab) (width 0.1))
    (fp_line (start -0.261252 -0.735) (end 0.261252 -0.735) (layer F.SilkS) (width 0.12))
    (fp_line (start -0.261252 0.735) (end 0.261252 0.735) (layer F.SilkS) (width 0.12))
    (fp_line (start -1.7 0.98) (end -1.7 -0.98) (layer F.CrtYd) (width 0.05))
    (fp_line (start -1.7 -0.98) (end 1.7 -0.98) (layer F.CrtYd) (width 0.05))
    (fp_line (start 1.7 -0.98) (end 1.7 0.98) (layer F.CrtYd) (width 0.05))
    (fp_line (start 1.7 0.98) (end -1.7 0.98) (layer F.CrtYd) (width 0.05))
    (fp_text user %R (at 0 0 90) (layer F.Fab)
      (effects (font (size 0.5 0.5) (thickness 0.08)))
    )
    (pad 1 smd roundrect (at -0.95 0 270) (size 1 1.45) (layers F.Cu F.Paste F.Mask) (roundrect_rratio 0.25)
      (net 5 "Net-(C11-Pad1)"))
    (pad 2 smd roundrect (at 0.95 0 270) (size 1 1.45) (layers F.Cu F.Paste F.Mask) (roundrect_rratio 0.25)
      (net 2 "Net-(C1-Pad1)"))
    (model ${KISYS3DMOD}/Capacitor_SMD.3dshapes/C_0805_2012Metric.wrl
      (at (xyz 0 0 0))
      (scale (xyz 1 1 1))
      (rotate (xyz 0 0 0))
    )
  )

  (module Capacitor_SMD:C_0805_2012Metric (layer F.Cu) (tedit 5F68FEEE) (tstamp 61605751)
    (at 126.5 140.95 270)
    (descr "Capacitor SMD 0805 (2012 Metric), square (rectangular) end terminal, IPC_7351 nominal, (Body size source: IPC-SM-782 page 76, https://www.pcb-3d.com/wordpress/wp-content/uploads/ipc-sm-782a_amendment_1_and_2.pdf, https://docs.google.com/spreadsheets/d/1BsfQQcO9C6DZCsRaXUlFlo91Tg2WpOkGARC1WS5S8t0/edit?usp=sharing), generated with kicad-footprint-generator")
    (tags capacitor)
    (path /6125BDA6)
    (attr smd)
    (fp_text reference C1 (at 0 -1.68 90) (layer F.SilkS)
      (effects (font (size 1 1) (thickness 0.15)))
    )
    (fp_text value 100nF (at 0 1.68 90) (layer F.Fab)
      (effects (font (size 1 1) (thickness 0.15)))
    )
    (fp_line (start 1.7 0.98) (end -1.7 0.98) (layer F.CrtYd) (width 0.05))
    (fp_line (start 1.7 -0.98) (end 1.7 0.98) (layer F.CrtYd) (width 0.05))
    (fp_line (start -1.7 -0.98) (end 1.7 -0.98) (layer F.CrtYd) (width 0.05))
    (fp_line (start -1.7 0.98) (end -1.7 -0.98) (layer F.CrtYd) (width 0.05))
    (fp_line (start -0.261252 0.735) (end 0.261252 0.735) (layer F.SilkS) (width 0.12))
    (fp_line (start -0.261252 -0.735) (end 0.261252 -0.735) (layer F.SilkS) (width 0.12))
    (fp_line (start 1 0.625) (end -1 0.625) (layer F.Fab) (width 0.1))
    (fp_line (start 1 -0.625) (end 1 0.625) (layer F.Fab) (width 0.1))
    (fp_line (start -1 -0.625) (end 1 -0.625) (layer F.Fab) (width 0.1))
    (fp_line (start -1 0.625) (end -1 -0.625) (layer F.Fab) (width 0.1))
    (fp_text user %R (at 0 0 90) (layer F.Fab)
      (effects (font (size 0.5 0.5) (thickness 0.08)))
    )
    (pad 2 smd roundrect (at 0.95 0 270) (size 1 1.45) (layers F.Cu F.Paste F.Mask) (roundrect_rratio 0.25)
      (net 1 "Net-(C1-Pad2)"))
    (pad 1 smd roundrect (at -0.95 0 270) (size 1 1.45) (layers F.Cu F.Paste F.Mask) (roundrect_rratio 0.25)
      (net 2 "Net-(C1-Pad1)"))
    (model ${KISYS3DMOD}/Capacitor_SMD.3dshapes/C_0805_2012Metric.wrl
      (at (xyz 0 0 0))
      (scale (xyz 1 1 1))
      (rotate (xyz 0 0 0))
    )
  )

  (module YC_FootPrint_2021_v1:C_1210_POL_Mine placed (layer F.Cu) (tedit 5A853FF5) (tstamp 61605776)
    (at 123 133.1 90)
    (path /5A7A6589)
    (fp_text reference C4 (at 0 0) (layer F.SilkS)
      (effects (font (size 1 1) (thickness 0.15)))
    )
    (fp_text value 10uF (at 0 -2.5 90) (layer F.Fab)
      (effects (font (size 1 1) (thickness 0.15)))
    )
    (fp_line (start -3.6 -0.5) (end -3.6 0.5) (layer F.SilkS) (width 0.15))
    (fp_line (start -4.1 0) (end -3.6 0) (layer F.SilkS) (width 0.15))
    (fp_line (start -3.6 0) (end -3.1 0) (layer F.SilkS) (width 0.15))
    (fp_line (start -3.1 0) (end -4.1 0) (layer F.SilkS) (width 0.15))
    (pad 2 smd rect (at 1.9 0 90) (size 2 3) (layers F.Cu F.Paste F.Mask)
      (net 5 "Net-(C11-Pad1)"))
    (pad 1 smd rect (at -1.9 0 90) (size 2 3) (layers F.Cu F.Paste F.Mask)
      (net 2 "Net-(C1-Pad1)"))
  )

  (module YC_FootPrint_2021_v1:C_1210_POL_Mine placed (layer F.Cu) (tedit 5A853FF5) (tstamp 6160575B)
    (at 123 139.4 90)
    (path /5A7A642B)
    (fp_text reference C2 (at 0 0) (layer F.SilkS)
      (effects (font (size 1 1) (thickness 0.15)))
    )
    (fp_text value 10uF (at 0 -2.5 90) (layer F.Fab)
      (effects (font (size 1 1) (thickness 0.15)))
    )
    (fp_line (start -3.1 0) (end -4.1 0) (layer F.SilkS) (width 0.15))
    (fp_line (start -3.6 0) (end -3.1 0) (layer F.SilkS) (width 0.15))
    (fp_line (start -4.1 0) (end -3.6 0) (layer F.SilkS) (width 0.15))
    (fp_line (start -3.6 -0.5) (end -3.6 0.5) (layer F.SilkS) (width 0.15))
    (pad 1 smd rect (at -1.9 0 90) (size 2 3) (layers F.Cu F.Paste F.Mask)
      (net 1 "Net-(C1-Pad2)"))
    (pad 2 smd rect (at 1.9 0 90) (size 2 3) (layers F.Cu F.Paste F.Mask)
      (net 2 "Net-(C1-Pad1)"))
  )

  (module Resistor_SMD:R_0805_2012Metric (layer F.Cu) (tedit 5F68FEEE) (tstamp 616058B4)
    (at 118.5875 141.5)
    (descr "Resistor SMD 0805 (2012 Metric), square (rectangular) end terminal, IPC_7351 nominal, (Body size source: IPC-SM-782 page 72, https://www.pcb-3d.com/wordpress/wp-content/uploads/ipc-sm-782a_amendment_1_and_2.pdf), generated with kicad-footprint-generator")
    (tags resistor)
    (path /6124F649)
    (attr smd)
    (fp_text reference L1 (at 0 -1.65) (layer F.SilkS)
      (effects (font (size 1 1) (thickness 0.15)))
    )
    (fp_text value "FB 600 Ohm" (at 0 1.65) (layer F.Fab)
      (effects (font (size 1 1) (thickness 0.15)))
    )
    (fp_line (start -1 0.625) (end -1 -0.625) (layer F.Fab) (width 0.1))
    (fp_line (start -1 -0.625) (end 1 -0.625) (layer F.Fab) (width 0.1))
    (fp_line (start 1 -0.625) (end 1 0.625) (layer F.Fab) (width 0.1))
    (fp_line (start 1 0.625) (end -1 0.625) (layer F.Fab) (width 0.1))
    (fp_line (start -0.227064 -0.735) (end 0.227064 -0.735) (layer F.SilkS) (width 0.12))
    (fp_line (start -0.227064 0.735) (end 0.227064 0.735) (layer F.SilkS) (width 0.12))
    (fp_line (start -1.68 0.95) (end -1.68 -0.95) (layer F.CrtYd) (width 0.05))
    (fp_line (start -1.68 -0.95) (end 1.68 -0.95) (layer F.CrtYd) (width 0.05))
    (fp_line (start 1.68 -0.95) (end 1.68 0.95) (layer F.CrtYd) (width 0.05))
    (fp_line (start 1.68 0.95) (end -1.68 0.95) (layer F.CrtYd) (width 0.05))
    (fp_text user %R (at 0 0) (layer F.Fab)
      (effects (font (size 0.5 0.5) (thickness 0.08)))
    )
    (pad 1 smd roundrect (at -0.9125 0) (size 1.025 1.4) (layers F.Cu F.Paste F.Mask) (roundrect_rratio 0.243902)
      (net 15 "Net-(L1-Pad1)"))
    (pad 2 smd roundrect (at 0.9125 0) (size 1.025 1.4) (layers F.Cu F.Paste F.Mask) (roundrect_rratio 0.243902)
      (net 1 "Net-(C1-Pad2)"))
    (model ${KISYS3DMOD}/Resistor_SMD.3dshapes/R_0805_2012Metric.wrl
      (at (xyz 0 0 0))
      (scale (xyz 1 1 1))
      (rotate (xyz 0 0 0))
    )
  )

  (module YC_FootPrint_2021_v1:Murata_Choke_1423 (layer F.Cu) (tedit 6103B20C) (tstamp 616058CD)
    (at 110.5 140.27)
    (path /6127D73F)
    (fp_text reference L3 (at 0 0 90) (layer F.SilkS)
      (effects (font (size 1 1) (thickness 0.15)))
    )
    (fp_text value L_Core_Ferrite_Coupled_1423 (at 0 -3.81) (layer F.Fab) hide
      (effects (font (size 1 1) (thickness 0.15)))
    )
    (pad 1 smd rect (at -3.75 -1.27) (size 3 1.2) (layers F.Cu F.Paste F.Mask)
      (net 17 "Net-(L3-Pad1)"))
    (pad 2 smd rect (at -3.75 1.27) (size 3 1.2) (layers F.Cu F.Paste F.Mask)
      (net 18 "Net-(L3-Pad2)"))
    (pad 4 smd rect (at 3.75 -1.27) (size 3 1.2) (layers F.Cu F.Paste F.Mask)
      (net 2 "Net-(C1-Pad1)"))
    (pad 3 smd rect (at 3.75 1.27) (size 3 1.2) (layers F.Cu F.Paste F.Mask)
      (net 15 "Net-(L1-Pad1)"))
  )

  (module YC_FootPrint_2021_v1:Murata_Choke_1423 (layer F.Cu) (tedit 6103B20C) (tstamp 616058D5)
    (at 134.25 140.23)
    (path /6169DBBB)
    (fp_text reference L4 (at 0 0 90) (layer F.SilkS)
      (effects (font (size 1 1) (thickness 0.15)))
    )
    (fp_text value L_Core_Ferrite_Coupled_1423 (at 0 -3.81) (layer F.Fab) hide
      (effects (font (size 1 1) (thickness 0.15)))
    )
    (pad 1 smd rect (at -3.75 -1.27) (size 3 1.2) (layers F.Cu F.Paste F.Mask)
      (net 2 "Net-(C1-Pad1)"))
    (pad 2 smd rect (at -3.75 1.27) (size 3 1.2) (layers F.Cu F.Paste F.Mask)
      (net 1 "Net-(C1-Pad2)"))
    (pad 4 smd rect (at 3.75 -1.27) (size 3 1.2) (layers F.Cu F.Paste F.Mask)
      (net 3 GNDA))
    (pad 3 smd rect (at 3.75 1.27) (size 3 1.2) (layers F.Cu F.Paste F.Mask)
      (net 16 "Net-(L2-Pad1)"))
  )

  (module YC_FootPrint_2021_v1:Murata_Choke_1423 (layer F.Cu) (tedit 6103B20C) (tstamp 6163F9F4)
    (at 134.25 132.23)
    (path /6169DBC1)
    (fp_text reference L6 (at 0 0 90) (layer F.SilkS)
      (effects (font (size 1 1) (thickness 0.15)))
    )
    (fp_text value L_Core_Ferrite_Coupled_1423 (at 0 -3.81) (layer F.Fab) hide
      (effects (font (size 1 1) (thickness 0.15)))
    )
    (pad 1 smd rect (at -3.75 -1.27) (size 3 1.2) (layers F.Cu F.Paste F.Mask)
      (net 5 "Net-(C11-Pad1)"))
    (pad 2 smd rect (at -3.75 1.27) (size 3 1.2) (layers F.Cu F.Paste F.Mask)
      (net 2 "Net-(C1-Pad1)"))
    (pad 4 smd rect (at 3.75 -1.27) (size 3 1.2) (layers F.Cu F.Paste F.Mask)
      (net 20 "Net-(L6-Pad4)"))
    (pad 3 smd rect (at 3.75 1.27) (size 3 1.2) (layers F.Cu F.Paste F.Mask)
      (net 3 GNDA))
  )

  (module YC_FootPrint_2021_v1:Murata_Choke_1423 (layer F.Cu) (tedit 6103B20C) (tstamp 6163F9C1)
    (at 110.5 132.27)
    (path /6127F395)
    (fp_text reference L5 (at 0 0 90) (layer F.SilkS)
      (effects (font (size 1 1) (thickness 0.15)))
    )
    (fp_text value L_Core_Ferrite_Coupled_1423 (at 0 -3.81) (layer F.Fab) hide
      (effects (font (size 1 1) (thickness 0.15)))
    )
    (pad 1 smd rect (at -3.75 -1.27) (size 3 1.2) (layers F.Cu F.Paste F.Mask)
      (net 11 "Net-(D1-Pad1)"))
    (pad 2 smd rect (at -3.75 1.27) (size 3 1.2) (layers F.Cu F.Paste F.Mask)
      (net 17 "Net-(L3-Pad1)"))
    (pad 4 smd rect (at 3.75 -1.27) (size 3 1.2) (layers F.Cu F.Paste F.Mask)
      (net 19 "Net-(L5-Pad4)"))
    (pad 3 smd rect (at 3.75 1.27) (size 3 1.2) (layers F.Cu F.Paste F.Mask)
      (net 2 "Net-(C1-Pad1)"))
  )

  (module Resistor_SMD:R_0805_2012Metric (layer F.Cu) (tedit 5F68FEEE) (tstamp 616058F6)
    (at 118.5875 131)
    (descr "Resistor SMD 0805 (2012 Metric), square (rectangular) end terminal, IPC_7351 nominal, (Body size source: IPC-SM-782 page 72, https://www.pcb-3d.com/wordpress/wp-content/uploads/ipc-sm-782a_amendment_1_and_2.pdf), generated with kicad-footprint-generator")
    (tags resistor)
    (path /6124F643)
    (attr smd)
    (fp_text reference L7 (at 0 -1.65) (layer F.SilkS)
      (effects (font (size 1 1) (thickness 0.15)))
    )
    (fp_text value "FB 600 Ohm" (at 0 1.65) (layer F.Fab)
      (effects (font (size 1 1) (thickness 0.15)))
    )
    (fp_line (start 1.68 0.95) (end -1.68 0.95) (layer F.CrtYd) (width 0.05))
    (fp_line (start 1.68 -0.95) (end 1.68 0.95) (layer F.CrtYd) (width 0.05))
    (fp_line (start -1.68 -0.95) (end 1.68 -0.95) (layer F.CrtYd) (width 0.05))
    (fp_line (start -1.68 0.95) (end -1.68 -0.95) (layer F.CrtYd) (width 0.05))
    (fp_line (start -0.227064 0.735) (end 0.227064 0.735) (layer F.SilkS) (width 0.12))
    (fp_line (start -0.227064 -0.735) (end 0.227064 -0.735) (layer F.SilkS) (width 0.12))
    (fp_line (start 1 0.625) (end -1 0.625) (layer F.Fab) (width 0.1))
    (fp_line (start 1 -0.625) (end 1 0.625) (layer F.Fab) (width 0.1))
    (fp_line (start -1 -0.625) (end 1 -0.625) (layer F.Fab) (width 0.1))
    (fp_line (start -1 0.625) (end -1 -0.625) (layer F.Fab) (width 0.1))
    (fp_text user %R (at 0 0) (layer F.Fab)
      (effects (font (size 0.5 0.5) (thickness 0.08)))
    )
    (pad 2 smd roundrect (at 0.9125 0) (size 1.025 1.4) (layers F.Cu F.Paste F.Mask) (roundrect_rratio 0.243902)
      (net 5 "Net-(C11-Pad1)"))
    (pad 1 smd roundrect (at -0.9125 0) (size 1.025 1.4) (layers F.Cu F.Paste F.Mask) (roundrect_rratio 0.243902)
      (net 19 "Net-(L5-Pad4)"))
    (model ${KISYS3DMOD}/Resistor_SMD.3dshapes/R_0805_2012Metric.wrl
      (at (xyz 0 0 0))
      (scale (xyz 1 1 1))
      (rotate (xyz 0 0 0))
    )
  )

  (module YC_FootPrint_2021_v1:Toggle_PCB (layer F.Cu) (tedit 61487F77) (tstamp 6168DCA7)
    (at 109 152 270)
    (path /6171111D)
    (fp_text reference SW1 (at 0 6.35 90) (layer F.SilkS)
      (effects (font (size 1 1) (thickness 0.15)))
    )
    (fp_text value Toggle_SW_PCB (at 0 3.81 90) (layer F.Fab)
      (effects (font (size 1 1) (thickness 0.15)))
    )
    (fp_line (start -1.35 27) (end 1.35 27) (layer F.SilkS) (width 0.12))
    (fp_line (start 1.35 20) (end 1.35 27) (layer F.SilkS) (width 0.12))
    (fp_line (start -1.35 20) (end -1.35 27) (layer F.SilkS) (width 0.12))
    (fp_line (start -6.35 13.8) (end -6.35 3.1) (layer F.SilkS) (width 0.12))
    (fp_line (start 6.35 3.1) (end 6.35 13.8) (layer F.SilkS) (width 0.12))
    (fp_line (start -6.35 3.1) (end 6.35 3.1) (layer F.SilkS) (width 0.12))
    (fp_line (start -6.35 13.8) (end 6.35 13.8) (layer F.SilkS) (width 0.12))
    (fp_line (start 3.1 20) (end 3.1 14) (layer F.SilkS) (width 0.12))
    (fp_line (start -3.1 20) (end -3.1 14) (layer F.SilkS) (width 0.12))
    (fp_line (start -4 13.8) (end -4 14.2) (layer F.SilkS) (width 0.12))
    (fp_line (start 4 13.8) (end 4 14.2) (layer F.SilkS) (width 0.12))
    (fp_line (start -3.1 20) (end 3.1 20) (layer F.SilkS) (width 0.12))
    (fp_line (start -4 14.2) (end 4 14.2) (layer F.SilkS) (width 0.12))
    (fp_line (start -4 13.8) (end 4 13.8) (layer F.SilkS) (width 0.12))
    (pad "" thru_hole circle (at -2.54 12.7 270) (size 2.5 2.5) (drill 1.5) (layers *.Cu *.Mask))
    (pad "" thru_hole circle (at 2.54 12.7 270) (size 2.5 2.5) (drill 1.5) (layers *.Cu *.Mask))
    (pad 4 thru_hole circle (at 2.54 0 270) (size 3 3) (drill 1.8) (layers *.Cu *.Mask)
      (net 21 "Net-(P1-Pad1)"))
    (pad 1 thru_hole circle (at -2.54 0 270) (size 3 3) (drill 1.8) (layers *.Cu *.Mask)
      (net 22 "Net-(P1-Pad3)"))
    (pad 5 thru_hole circle (at 2.54 -3.81 270) (size 3 3) (drill 1.8) (layers *.Cu *.Mask)
      (net 18 "Net-(L3-Pad2)"))
    (pad 2 thru_hole circle (at -2.54 -3.81 270) (size 3 3) (drill 1.8) (layers *.Cu *.Mask)
      (net 11 "Net-(D1-Pad1)"))
    (pad 3 thru_hole circle (at -2.54 -7.62 270) (size 3 3) (drill 1.8) (layers *.Cu *.Mask)
      (net 33 "Net-(SW1-Pad3)"))
    (pad 6 thru_hole circle (at 2.4 -7.62 270) (size 3 3) (drill 1.8) (layers *.Cu *.Mask)
      (net 34 "Net-(SW1-Pad6)"))
  )

  (module Capacitor_SMD:C_0805_2012Metric (layer F.Cu) (tedit 5F68FEEE) (tstamp 6160576C)
    (at 150 140.45 270)
    (descr "Capacitor SMD 0805 (2012 Metric), square (rectangular) end terminal, IPC_7351 nominal, (Body size source: IPC-SM-782 page 76, https://www.pcb-3d.com/wordpress/wp-content/uploads/ipc-sm-782a_amendment_1_and_2.pdf, https://docs.google.com/spreadsheets/d/1BsfQQcO9C6DZCsRaXUlFlo91Tg2WpOkGARC1WS5S8t0/edit?usp=sharing), generated with kicad-footprint-generator")
    (tags capacitor)
    (path /6169DBB5)
    (attr smd)
    (fp_text reference C3 (at 0 -1.68 90) (layer F.SilkS)
      (effects (font (size 1 1) (thickness 0.15)))
    )
    (fp_text value 100nF (at 0 1.68 90) (layer F.Fab)
      (effects (font (size 1 1) (thickness 0.15)))
    )
    (fp_line (start -1 0.625) (end -1 -0.625) (layer F.Fab) (width 0.1))
    (fp_line (start -1 -0.625) (end 1 -0.625) (layer F.Fab) (width 0.1))
    (fp_line (start 1 -0.625) (end 1 0.625) (layer F.Fab) (width 0.1))
    (fp_line (start 1 0.625) (end -1 0.625) (layer F.Fab) (width 0.1))
    (fp_line (start -0.261252 -0.735) (end 0.261252 -0.735) (layer F.SilkS) (width 0.12))
    (fp_line (start -0.261252 0.735) (end 0.261252 0.735) (layer F.SilkS) (width 0.12))
    (fp_line (start -1.7 0.98) (end -1.7 -0.98) (layer F.CrtYd) (width 0.05))
    (fp_line (start -1.7 -0.98) (end 1.7 -0.98) (layer F.CrtYd) (width 0.05))
    (fp_line (start 1.7 -0.98) (end 1.7 0.98) (layer F.CrtYd) (width 0.05))
    (fp_line (start 1.7 0.98) (end -1.7 0.98) (layer F.CrtYd) (width 0.05))
    (fp_text user %R (at 0 0 90) (layer F.Fab)
      (effects (font (size 0.5 0.5) (thickness 0.08)))
    )
    (pad 1 smd roundrect (at -0.95 0 270) (size 1 1.45) (layers F.Cu F.Paste F.Mask) (roundrect_rratio 0.25)
      (net 3 GNDA))
    (pad 2 smd roundrect (at 0.95 0 270) (size 1 1.45) (layers F.Cu F.Paste F.Mask) (roundrect_rratio 0.25)
      (net 4 +12VA))
    (model ${KISYS3DMOD}/Capacitor_SMD.3dshapes/C_0805_2012Metric.wrl
      (at (xyz 0 0 0))
      (scale (xyz 1 1 1))
      (rotate (xyz 0 0 0))
    )
  )

  (module YC_FootPrint_2021_v1:C_1210_POL_Mine placed (layer F.Cu) (tedit 5A853FF5) (tstamp 61605780)
    (at 146.5 139.6 90)
    (path /6169DB8E)
    (fp_text reference C5 (at 0 0) (layer F.SilkS)
      (effects (font (size 1 1) (thickness 0.15)))
    )
    (fp_text value 10uF (at 0 -2.5 90) (layer F.Fab)
      (effects (font (size 1 1) (thickness 0.15)))
    )
    (fp_line (start -3.1 0) (end -4.1 0) (layer F.SilkS) (width 0.15))
    (fp_line (start -3.6 0) (end -3.1 0) (layer F.SilkS) (width 0.15))
    (fp_line (start -4.1 0) (end -3.6 0) (layer F.SilkS) (width 0.15))
    (fp_line (start -3.6 -0.5) (end -3.6 0.5) (layer F.SilkS) (width 0.15))
    (pad 1 smd rect (at -1.9 0 90) (size 2 3) (layers F.Cu F.Paste F.Mask)
      (net 4 +12VA))
    (pad 2 smd rect (at 1.9 0 90) (size 2 3) (layers F.Cu F.Paste F.Mask)
      (net 3 GNDA))
  )

  (module YC_FootPrint_2021_v1:C_1210_POL_Mine placed (layer F.Cu) (tedit 5A853FF5) (tstamp 6160578A)
    (at 146.5 132.9 90)
    (path /6169DB94)
    (fp_text reference C6 (at 0 0) (layer F.SilkS)
      (effects (font (size 1 1) (thickness 0.15)))
    )
    (fp_text value 10uF (at 0 -2.5 90) (layer F.Fab)
      (effects (font (size 1 1) (thickness 0.15)))
    )
    (fp_line (start -3.6 -0.5) (end -3.6 0.5) (layer F.SilkS) (width 0.15))
    (fp_line (start -4.1 0) (end -3.6 0) (layer F.SilkS) (width 0.15))
    (fp_line (start -3.6 0) (end -3.1 0) (layer F.SilkS) (width 0.15))
    (fp_line (start -3.1 0) (end -4.1 0) (layer F.SilkS) (width 0.15))
    (pad 2 smd rect (at 1.9 0 90) (size 2 3) (layers F.Cu F.Paste F.Mask)
      (net 6 -12VA))
    (pad 1 smd rect (at -1.9 0 90) (size 2 3) (layers F.Cu F.Paste F.Mask)
      (net 3 GNDA))
  )

  (module Capacitor_SMD:C_0805_2012Metric (layer F.Cu) (tedit 5F68FEEE) (tstamp 6160579B)
    (at 131.25 87.05 270)
    (descr "Capacitor SMD 0805 (2012 Metric), square (rectangular) end terminal, IPC_7351 nominal, (Body size source: IPC-SM-782 page 76, https://www.pcb-3d.com/wordpress/wp-content/uploads/ipc-sm-782a_amendment_1_and_2.pdf, https://docs.google.com/spreadsheets/d/1BsfQQcO9C6DZCsRaXUlFlo91Tg2WpOkGARC1WS5S8t0/edit?usp=sharing), generated with kicad-footprint-generator")
    (tags capacitor)
    (path /5A7A8EDE)
    (attr smd)
    (fp_text reference C7 (at 0 -1.68 90) (layer F.SilkS)
      (effects (font (size 1 1) (thickness 0.15)))
    )
    (fp_text value 0.1uF (at 0 1.68 90) (layer F.Fab)
      (effects (font (size 1 1) (thickness 0.15)))
    )
    (fp_line (start -1 0.625) (end -1 -0.625) (layer F.Fab) (width 0.1))
    (fp_line (start -1 -0.625) (end 1 -0.625) (layer F.Fab) (width 0.1))
    (fp_line (start 1 -0.625) (end 1 0.625) (layer F.Fab) (width 0.1))
    (fp_line (start 1 0.625) (end -1 0.625) (layer F.Fab) (width 0.1))
    (fp_line (start -0.261252 -0.735) (end 0.261252 -0.735) (layer F.SilkS) (width 0.12))
    (fp_line (start -0.261252 0.735) (end 0.261252 0.735) (layer F.SilkS) (width 0.12))
    (fp_line (start -1.7 0.98) (end -1.7 -0.98) (layer F.CrtYd) (width 0.05))
    (fp_line (start -1.7 -0.98) (end 1.7 -0.98) (layer F.CrtYd) (width 0.05))
    (fp_line (start 1.7 -0.98) (end 1.7 0.98) (layer F.CrtYd) (width 0.05))
    (fp_line (start 1.7 0.98) (end -1.7 0.98) (layer F.CrtYd) (width 0.05))
    (fp_text user %R (at 0 0 90) (layer F.Fab)
      (effects (font (size 0.5 0.5) (thickness 0.08)))
    )
    (pad 1 smd roundrect (at -0.95 0 270) (size 1 1.45) (layers F.Cu F.Paste F.Mask) (roundrect_rratio 0.25)
      (net 3 GNDA))
    (pad 2 smd roundrect (at 0.95 0 270) (size 1 1.45) (layers F.Cu F.Paste F.Mask) (roundrect_rratio 0.25)
      (net 4 +12VA))
    (model ${KISYS3DMOD}/Capacitor_SMD.3dshapes/C_0805_2012Metric.wrl
      (at (xyz 0 0 0))
      (scale (xyz 1 1 1))
      (rotate (xyz 0 0 0))
    )
  )

  (module YC_FootPrint_2021_v1:C_1210_POL_Mine placed (layer F.Cu) (tedit 5A853FF5) (tstamp 616057A5)
    (at 134.75 85.6 90)
    (path /5A7A9018)
    (fp_text reference C8 (at 0 0) (layer F.SilkS)
      (effects (font (size 1 1) (thickness 0.15)))
    )
    (fp_text value 10uF (at 0 -2.5 90) (layer F.Fab)
      (effects (font (size 1 1) (thickness 0.15)))
    )
    (fp_line (start -3.6 -0.5) (end -3.6 0.5) (layer F.SilkS) (width 0.15))
    (fp_line (start -4.1 0) (end -3.6 0) (layer F.SilkS) (width 0.15))
    (fp_line (start -3.6 0) (end -3.1 0) (layer F.SilkS) (width 0.15))
    (fp_line (start -3.1 0) (end -4.1 0) (layer F.SilkS) (width 0.15))
    (pad 2 smd rect (at 1.9 0 90) (size 2 3) (layers F.Cu F.Paste F.Mask)
      (net 3 GNDA))
    (pad 1 smd rect (at -1.9 0 90) (size 2 3) (layers F.Cu F.Paste F.Mask)
      (net 4 +12VA))
  )

  (module YC_FootPrint_2021_v1:C_1210_POL_Mine placed (layer F.Cu) (tedit 5A853FF5) (tstamp 6165247F)
    (at 118.15 98)
    (path /5A7A8F57)
    (fp_text reference C9 (at 0 0 90) (layer F.SilkS)
      (effects (font (size 1 1) (thickness 0.15)))
    )
    (fp_text value 10uF (at 0 -2.5) (layer F.Fab)
      (effects (font (size 1 1) (thickness 0.15)))
    )
    (fp_line (start -3.1 0) (end -4.1 0) (layer F.SilkS) (width 0.15))
    (fp_line (start -3.6 0) (end -3.1 0) (layer F.SilkS) (width 0.15))
    (fp_line (start -4.1 0) (end -3.6 0) (layer F.SilkS) (width 0.15))
    (fp_line (start -3.6 -0.5) (end -3.6 0.5) (layer F.SilkS) (width 0.15))
    (pad 1 smd rect (at -1.9 0) (size 2 3) (layers F.Cu F.Paste F.Mask)
      (net 3 GNDA))
    (pad 2 smd rect (at 1.9 0) (size 2 3) (layers F.Cu F.Paste F.Mask)
      (net 6 -12VA))
  )

  (module Capacitor_SMD:C_0805_2012Metric (layer F.Cu) (tedit 5F68FEEE) (tstamp 616057C0)
    (at 116.25 93.95 90)
    (descr "Capacitor SMD 0805 (2012 Metric), square (rectangular) end terminal, IPC_7351 nominal, (Body size source: IPC-SM-782 page 76, https://www.pcb-3d.com/wordpress/wp-content/uploads/ipc-sm-782a_amendment_1_and_2.pdf, https://docs.google.com/spreadsheets/d/1BsfQQcO9C6DZCsRaXUlFlo91Tg2WpOkGARC1WS5S8t0/edit?usp=sharing), generated with kicad-footprint-generator")
    (tags capacitor)
    (path /5A7A92FF)
    (attr smd)
    (fp_text reference C10 (at 0 -1.68 90) (layer F.SilkS)
      (effects (font (size 1 1) (thickness 0.15)))
    )
    (fp_text value 0.1uF (at 0 1.68 90) (layer F.Fab)
      (effects (font (size 1 1) (thickness 0.15)))
    )
    (fp_line (start 1.7 0.98) (end -1.7 0.98) (layer F.CrtYd) (width 0.05))
    (fp_line (start 1.7 -0.98) (end 1.7 0.98) (layer F.CrtYd) (width 0.05))
    (fp_line (start -1.7 -0.98) (end 1.7 -0.98) (layer F.CrtYd) (width 0.05))
    (fp_line (start -1.7 0.98) (end -1.7 -0.98) (layer F.CrtYd) (width 0.05))
    (fp_line (start -0.261252 0.735) (end 0.261252 0.735) (layer F.SilkS) (width 0.12))
    (fp_line (start -0.261252 -0.735) (end 0.261252 -0.735) (layer F.SilkS) (width 0.12))
    (fp_line (start 1 0.625) (end -1 0.625) (layer F.Fab) (width 0.1))
    (fp_line (start 1 -0.625) (end 1 0.625) (layer F.Fab) (width 0.1))
    (fp_line (start -1 -0.625) (end 1 -0.625) (layer F.Fab) (width 0.1))
    (fp_line (start -1 0.625) (end -1 -0.625) (layer F.Fab) (width 0.1))
    (fp_text user %R (at 0 0 90) (layer F.Fab)
      (effects (font (size 0.5 0.5) (thickness 0.08)))
    )
    (pad 2 smd roundrect (at 0.95 0 90) (size 1 1.45) (layers F.Cu F.Paste F.Mask) (roundrect_rratio 0.25)
      (net 6 -12VA))
    (pad 1 smd roundrect (at -0.95 0 90) (size 1 1.45) (layers F.Cu F.Paste F.Mask) (roundrect_rratio 0.25)
      (net 3 GNDA))
    (model ${KISYS3DMOD}/Capacitor_SMD.3dshapes/C_0805_2012Metric.wrl
      (at (xyz 0 0 0))
      (scale (xyz 1 1 1))
      (rotate (xyz 0 0 0))
    )
  )

  (module Capacitor_SMD:C_0805_2012Metric (layer F.Cu) (tedit 5F68FEEE) (tstamp 616057E2)
    (at 150 131.95 270)
    (descr "Capacitor SMD 0805 (2012 Metric), square (rectangular) end terminal, IPC_7351 nominal, (Body size source: IPC-SM-782 page 76, https://www.pcb-3d.com/wordpress/wp-content/uploads/ipc-sm-782a_amendment_1_and_2.pdf, https://docs.google.com/spreadsheets/d/1BsfQQcO9C6DZCsRaXUlFlo91Tg2WpOkGARC1WS5S8t0/edit?usp=sharing), generated with kicad-footprint-generator")
    (tags capacitor)
    (path /6169DBAF)
    (attr smd)
    (fp_text reference C12 (at 0 -1.68 90) (layer F.SilkS)
      (effects (font (size 1 1) (thickness 0.15)))
    )
    (fp_text value 100nF (at 0 1.68 90) (layer F.Fab)
      (effects (font (size 1 1) (thickness 0.15)))
    )
    (fp_line (start 1.7 0.98) (end -1.7 0.98) (layer F.CrtYd) (width 0.05))
    (fp_line (start 1.7 -0.98) (end 1.7 0.98) (layer F.CrtYd) (width 0.05))
    (fp_line (start -1.7 -0.98) (end 1.7 -0.98) (layer F.CrtYd) (width 0.05))
    (fp_line (start -1.7 0.98) (end -1.7 -0.98) (layer F.CrtYd) (width 0.05))
    (fp_line (start -0.261252 0.735) (end 0.261252 0.735) (layer F.SilkS) (width 0.12))
    (fp_line (start -0.261252 -0.735) (end 0.261252 -0.735) (layer F.SilkS) (width 0.12))
    (fp_line (start 1 0.625) (end -1 0.625) (layer F.Fab) (width 0.1))
    (fp_line (start 1 -0.625) (end 1 0.625) (layer F.Fab) (width 0.1))
    (fp_line (start -1 -0.625) (end 1 -0.625) (layer F.Fab) (width 0.1))
    (fp_line (start -1 0.625) (end -1 -0.625) (layer F.Fab) (width 0.1))
    (fp_text user %R (at 0 0 90) (layer F.Fab)
      (effects (font (size 0.5 0.5) (thickness 0.08)))
    )
    (pad 2 smd roundrect (at 0.95 0 270) (size 1 1.45) (layers F.Cu F.Paste F.Mask) (roundrect_rratio 0.25)
      (net 3 GNDA))
    (pad 1 smd roundrect (at -0.95 0 270) (size 1 1.45) (layers F.Cu F.Paste F.Mask) (roundrect_rratio 0.25)
      (net 6 -12VA))
    (model ${KISYS3DMOD}/Capacitor_SMD.3dshapes/C_0805_2012Metric.wrl
      (at (xyz 0 0 0))
      (scale (xyz 1 1 1))
      (rotate (xyz 0 0 0))
    )
  )

  (module Capacitor_SMD:C_1206_3216Metric (layer F.Cu) (tedit 5F68FEEE) (tstamp 616057F3)
    (at 125.775 100)
    (descr "Capacitor SMD 1206 (3216 Metric), square (rectangular) end terminal, IPC_7351 nominal, (Body size source: IPC-SM-782 page 76, https://www.pcb-3d.com/wordpress/wp-content/uploads/ipc-sm-782a_amendment_1_and_2.pdf), generated with kicad-footprint-generator")
    (tags capacitor)
    (path /61282EE3)
    (attr smd)
    (fp_text reference C13 (at 0 -1.85) (layer F.SilkS)
      (effects (font (size 1 1) (thickness 0.15)))
    )
    (fp_text value 1uF (at 0 1.85) (layer F.Fab)
      (effects (font (size 1 1) (thickness 0.15)))
    )
    (fp_line (start -1.6 0.8) (end -1.6 -0.8) (layer F.Fab) (width 0.1))
    (fp_line (start -1.6 -0.8) (end 1.6 -0.8) (layer F.Fab) (width 0.1))
    (fp_line (start 1.6 -0.8) (end 1.6 0.8) (layer F.Fab) (width 0.1))
    (fp_line (start 1.6 0.8) (end -1.6 0.8) (layer F.Fab) (width 0.1))
    (fp_line (start -0.711252 -0.91) (end 0.711252 -0.91) (layer F.SilkS) (width 0.12))
    (fp_line (start -0.711252 0.91) (end 0.711252 0.91) (layer F.SilkS) (width 0.12))
    (fp_line (start -2.3 1.15) (end -2.3 -1.15) (layer F.CrtYd) (width 0.05))
    (fp_line (start -2.3 -1.15) (end 2.3 -1.15) (layer F.CrtYd) (width 0.05))
    (fp_line (start 2.3 -1.15) (end 2.3 1.15) (layer F.CrtYd) (width 0.05))
    (fp_line (start 2.3 1.15) (end -2.3 1.15) (layer F.CrtYd) (width 0.05))
    (fp_text user %R (at 0 0) (layer F.Fab)
      (effects (font (size 0.8 0.8) (thickness 0.12)))
    )
    (pad 1 smd roundrect (at -1.475 0) (size 1.15 1.8) (layers F.Cu F.Paste F.Mask) (roundrect_rratio 0.217391)
      (net 3 GNDA))
    (pad 2 smd roundrect (at 1.475 0) (size 1.15 1.8) (layers F.Cu F.Paste F.Mask) (roundrect_rratio 0.217391)
      (net 7 "Net-(C13-Pad2)"))
    (model ${KISYS3DMOD}/Capacitor_SMD.3dshapes/C_1206_3216Metric.wrl
      (at (xyz 0 0 0))
      (scale (xyz 1 1 1))
      (rotate (xyz 0 0 0))
    )
  )

  (module Capacitor_SMD:C_1206_3216Metric (layer F.Cu) (tedit 5F68FEEE) (tstamp 61605804)
    (at 123.275 78.5 180)
    (descr "Capacitor SMD 1206 (3216 Metric), square (rectangular) end terminal, IPC_7351 nominal, (Body size source: IPC-SM-782 page 76, https://www.pcb-3d.com/wordpress/wp-content/uploads/ipc-sm-782a_amendment_1_and_2.pdf), generated with kicad-footprint-generator")
    (tags capacitor)
    (path /61221F0D)
    (attr smd)
    (fp_text reference C14 (at 0 0 90) (layer F.SilkS)
      (effects (font (size 1 1) (thickness 0.15)))
    )
    (fp_text value 0.2pF (at 0 1.85) (layer F.Fab)
      (effects (font (size 1 1) (thickness 0.15)))
    )
    (fp_line (start -1.6 0.8) (end -1.6 -0.8) (layer F.Fab) (width 0.1))
    (fp_line (start -1.6 -0.8) (end 1.6 -0.8) (layer F.Fab) (width 0.1))
    (fp_line (start 1.6 -0.8) (end 1.6 0.8) (layer F.Fab) (width 0.1))
    (fp_line (start 1.6 0.8) (end -1.6 0.8) (layer F.Fab) (width 0.1))
    (fp_line (start -0.711252 -0.91) (end 0.711252 -0.91) (layer F.SilkS) (width 0.12))
    (fp_line (start -0.711252 0.91) (end 0.711252 0.91) (layer F.SilkS) (width 0.12))
    (fp_line (start -2.3 1.15) (end -2.3 -1.15) (layer F.CrtYd) (width 0.05))
    (fp_line (start -2.3 -1.15) (end 2.3 -1.15) (layer F.CrtYd) (width 0.05))
    (fp_line (start 2.3 -1.15) (end 2.3 1.15) (layer F.CrtYd) (width 0.05))
    (fp_line (start 2.3 1.15) (end -2.3 1.15) (layer F.CrtYd) (width 0.05))
    (fp_text user %R (at 3 0 90) (layer F.Fab)
      (effects (font (size 0.8 0.8) (thickness 0.12)))
    )
    (pad 1 smd roundrect (at -1.475 0 180) (size 1.15 1.8) (layers F.Cu F.Paste F.Mask) (roundrect_rratio 0.217391)
      (net 8 "Net-(C14-Pad1)"))
    (pad 2 smd roundrect (at 1.475 0 180) (size 1.15 1.8) (layers F.Cu F.Paste F.Mask) (roundrect_rratio 0.217391)
      (net 9 "Net-(C14-Pad2)"))
    (model ${KISYS3DMOD}/Capacitor_SMD.3dshapes/C_1206_3216Metric.wrl
      (at (xyz 0 0 0))
      (scale (xyz 1 1 1))
      (rotate (xyz 0 0 0))
    )
  )

  (module Capacitor_SMD:C_1206_3216Metric (layer F.Cu) (tedit 5F68FEEE) (tstamp 61605815)
    (at 100.525 114)
    (descr "Capacitor SMD 1206 (3216 Metric), square (rectangular) end terminal, IPC_7351 nominal, (Body size source: IPC-SM-782 page 76, https://www.pcb-3d.com/wordpress/wp-content/uploads/ipc-sm-782a_amendment_1_and_2.pdf), generated with kicad-footprint-generator")
    (tags capacitor)
    (path /6126EE90)
    (attr smd)
    (fp_text reference C15 (at 0 -1.85) (layer F.SilkS)
      (effects (font (size 1 1) (thickness 0.15)))
    )
    (fp_text value 1uF (at 0 1.85) (layer F.Fab)
      (effects (font (size 1 1) (thickness 0.15)))
    )
    (fp_line (start 2.3 1.15) (end -2.3 1.15) (layer F.CrtYd) (width 0.05))
    (fp_line (start 2.3 -1.15) (end 2.3 1.15) (layer F.CrtYd) (width 0.05))
    (fp_line (start -2.3 -1.15) (end 2.3 -1.15) (layer F.CrtYd) (width 0.05))
    (fp_line (start -2.3 1.15) (end -2.3 -1.15) (layer F.CrtYd) (width 0.05))
    (fp_line (start -0.711252 0.91) (end 0.711252 0.91) (layer F.SilkS) (width 0.12))
    (fp_line (start -0.711252 -0.91) (end 0.711252 -0.91) (layer F.SilkS) (width 0.12))
    (fp_line (start 1.6 0.8) (end -1.6 0.8) (layer F.Fab) (width 0.1))
    (fp_line (start 1.6 -0.8) (end 1.6 0.8) (layer F.Fab) (width 0.1))
    (fp_line (start -1.6 -0.8) (end 1.6 -0.8) (layer F.Fab) (width 0.1))
    (fp_line (start -1.6 0.8) (end -1.6 -0.8) (layer F.Fab) (width 0.1))
    (fp_text user %R (at 0 0) (layer F.Fab)
      (effects (font (size 0.8 0.8) (thickness 0.12)))
    )
    (pad 2 smd roundrect (at 1.475 0) (size 1.15 1.8) (layers F.Cu F.Paste F.Mask) (roundrect_rratio 0.217391)
      (net 3 GNDA))
    (pad 1 smd roundrect (at -1.475 0) (size 1.15 1.8) (layers F.Cu F.Paste F.Mask) (roundrect_rratio 0.217391)
      (net 6 -12VA))
    (model ${KISYS3DMOD}/Capacitor_SMD.3dshapes/C_1206_3216Metric.wrl
      (at (xyz 0 0 0))
      (scale (xyz 1 1 1))
      (rotate (xyz 0 0 0))
    )
  )

  (module YC_FootPrint_2021_v1:C_1210_POL_Mine placed (layer F.Cu) (tedit 5A853FF5) (tstamp 6160581F)
    (at 147.1 84.25)
    (path /612AC49A)
    (fp_text reference C16 (at 0 0 270) (layer F.SilkS)
      (effects (font (size 1 1) (thickness 0.15)))
    )
    (fp_text value 10uF (at 0 -2.5) (layer F.Fab)
      (effects (font (size 1 1) (thickness 0.15)))
    )
    (fp_line (start -3.6 -0.5) (end -3.6 0.5) (layer F.SilkS) (width 0.15))
    (fp_line (start -4.1 0) (end -3.6 0) (layer F.SilkS) (width 0.15))
    (fp_line (start -3.6 0) (end -3.1 0) (layer F.SilkS) (width 0.15))
    (fp_line (start -3.1 0) (end -4.1 0) (layer F.SilkS) (width 0.15))
    (pad 2 smd rect (at 1.9 0) (size 2 3) (layers F.Cu F.Paste F.Mask)
      (net 3 GNDA))
    (pad 1 smd rect (at -1.9 0) (size 2 3) (layers F.Cu F.Paste F.Mask)
      (net 4 +12VA))
  )

  (module Capacitor_SMD:C_0805_2012Metric (layer F.Cu) (tedit 5F68FEEE) (tstamp 61605830)
    (at 149 88.45 270)
    (descr "Capacitor SMD 0805 (2012 Metric), square (rectangular) end terminal, IPC_7351 nominal, (Body size source: IPC-SM-782 page 76, https://www.pcb-3d.com/wordpress/wp-content/uploads/ipc-sm-782a_amendment_1_and_2.pdf, https://docs.google.com/spreadsheets/d/1BsfQQcO9C6DZCsRaXUlFlo91Tg2WpOkGARC1WS5S8t0/edit?usp=sharing), generated with kicad-footprint-generator")
    (tags capacitor)
    (path /612AC494)
    (attr smd)
    (fp_text reference C17 (at 0 -1.68 90) (layer F.SilkS)
      (effects (font (size 1 1) (thickness 0.15)))
    )
    (fp_text value 0.1uF (at 0 1.68 90) (layer F.Fab)
      (effects (font (size 1 1) (thickness 0.15)))
    )
    (fp_line (start 1.7 0.98) (end -1.7 0.98) (layer F.CrtYd) (width 0.05))
    (fp_line (start 1.7 -0.98) (end 1.7 0.98) (layer F.CrtYd) (width 0.05))
    (fp_line (start -1.7 -0.98) (end 1.7 -0.98) (layer F.CrtYd) (width 0.05))
    (fp_line (start -1.7 0.98) (end -1.7 -0.98) (layer F.CrtYd) (width 0.05))
    (fp_line (start -0.261252 0.735) (end 0.261252 0.735) (layer F.SilkS) (width 0.12))
    (fp_line (start -0.261252 -0.735) (end 0.261252 -0.735) (layer F.SilkS) (width 0.12))
